[aguilaBG.jpg]
filters=autolight=1;autocolor=1;finetune2=1,0.000000,0.000000,0.084211,00000000,0.000000;radblur=1,0.788333,0.468889,-0.111111,-0.438596;finetune2=1,0.204678,0.000000,0.002807,00000000,0.000000;autocolor=1;autolight=1;
moddate=00008cccfad10000
width=600
height=450
textactive=0
